      83      74
    0.00    0.00    0.00    0.00    0.00    0.00    0.00    0.00    0.00    0.00
    0.00    0.00    0.00    0.00    0.00    0.00    0.00    0.00    0.00    0.00
    0.00    0.00    0.00    0.00    0.00    0.00    0.00    0.00    0.00    0.00
    0.00    0.00    0.00    0.00    0.00    0.00    0.00    0.00    0.00    0.00
    0.00    0.00    0.00    0.00    0.00    0.00    0.00    0.00    0.00    0.00
    0.00    0.00    0.00    0.00    0.00    0.00    0.00    0.00    0.00    0.00
    0.00    0.00    0.00    0.00   23.26    5.25   26.32   21.05   13.45    2.58
   10.00   10.00    0.00    0.00
       0       0       0       0       0       0       0       0       0       0
       0       0       0       0       0       0       0       0       0       0
       0       0       0       0       0       0       0       0       0       0
       0       0       0       0       0       0       0       0       0       0
       0       0       0       1       1       1       1       1       1       1
       1       1       1       1       1       1       1       1       1       1
       1       1       1       1       1       1       1       1       1       1
       1       1       1       1
    3.20   11    2   -0.5    3   -0.1    4   -0.1    5    0.0    6   -0.1
    7    0.0   40    0.0   41    0.1   42    0.2   43    0.3
   67    1.0
    2.87   16    1   -0.3    3   -0.1    4   -0.1    5   -0.1    6   -0.2
    8   -0.2   39    0.0   40    0.0   41    0.1   42    0.2
   43    0.4   50    0.0   51    0.0   56    0.0   57    0.0
   68    1.0
    0.00   11    2    1.0    9    0.0   10   -0.1   11   -0.2   12   -0.7
   13    0.0   40    0.0   41    0.1   42    0.2   43    0.5
   65    1.0
    0.00   11    1    1.0    9    0.0   10    0.0   11   -0.2   12   -0.8
   13    0.0   40    0.0   41    0.0   42    0.2   43    0.7
   65    1.0
    0.00    9    9   -0.2   10   -0.3   11    0.0   13   -0.5   21    1.0
   40    0.0   41    0.1   42    0.2   43    0.5
    0.00    9    9   -0.3   10   -0.3   11    0.0   13   -0.3   18    1.0
   40    0.0   41    0.1   42    0.2   43    0.5
    0.00    9    9   -0.3   10   -0.3   11    0.0   13   -0.3   17    1.0
   40    0.0   41    0.1   42    0.2   43    0.5
    0.00    6   12    1.0   14   -1.0   39    0.0   41    0.1   42    0.0
   43    0.8
    0.00    2   15   -1.0   22    1.0
    0.00    2   16   -1.0   22    1.0
    0.00    2   14    1.0   15   -1.0
    0.00    2   14    1.0   16   -1.0
    0.07   10   15    1.0   17   -0.1   19   -0.8   23    0.0   39   -0.8
   40    0.0   41   -0.2   42    0.4   43    1.0   69    1.3
    0.04   10   16    1.0   18    0.0   20   -0.9   23    0.0   39   -0.8
   40    0.0   41   -0.2   42    0.3   43    0.8   69    1.0
    0.16   10    5    1.0   21   -0.3   22   -0.6   23   -0.4   39    2.3
   41   -0.2   42    0.8   43   14.6   65    1.0   70    1.0
    0.16   10    6    1.0   21   -0.3   22   -0.6   23   -0.4   39    2.3
   41   -0.2   42    0.8   43   14.6   66    1.0   70    1.0
    0.16   10    4    1.0   21   -0.2   22   -0.7   23   -0.3   39    2.3
   41   -0.2   42    0.8   43   14.6   65    1.0   70    1.0
    0.16    9   21   -0.2   22   -0.7   23   -0.3   28    1.0   39    2.3
   41   -0.2   42    0.8   43   14.6   70    1.0
    0.05   15    5    1.0   10    0.0   13   -0.1   24   -0.1   25   -0.1
   26    0.0   27   -0.5   28   -0.3   29    0.0   40   -0.1
   41   -0.3   42    0.6   43    0.7   65    1.0   71    1.0
    0.05   15    6    1.0   10    0.0   13   -0.1   24   -0.1   25   -0.1
   26    0.0   27   -0.5   28   -0.3   29    0.0   40   -0.1
   41   -0.3   42    0.6   43    0.7   66    1.0   71    1.0
    0.05   14    4    1.0   10    0.0   13   -0.1   24   -0.1   25   -0.1
   26    0.0   27   -0.5   28   -0.3   40   -0.1   41   -0.3
   42    0.6   43    0.7   65    1.0   71    1.0
    0.05   14    3    1.0   10    0.0   13   -0.1   24   -0.1   25   -0.1
   26    0.0   27   -0.5   28   -0.3   40   -0.1   41   -0.3
   42    0.6   43    0.7   65    1.0   71    1.0
    0.13    8   13    0.8   25    0.6   30   -1.0   40    0.2   41    0.3
   42    2.2   43    2.8   72    1.0
    0.12   10    9   -0.1   10    0.0   13    0.7   24    0.6   31   -1.0
   40    0.2   41    0.3   42    2.1   43    2.6   72    1.0
    0.00    2    9   -1.0   25    1.0
    0.00    2   10   -1.0   24    1.0
    0.00    2   10   -1.0   13    1.0
    0.00    8   11    1.0   32   -1.0   44   -7.9   45   -8.7   46   -3.0
   47   14.0   48    1.0   49   -1.0
    0.00    8   23    1.0   32   -1.0   44   -8.8   45   -9.4   46   -3.0
   47   12.0   48    1.0   49   -1.0
    0.00    8   19    1.0   32   -1.0   44   -9.4   45   -9.6   46   -3.0
   47    3.5   48    0.2   49   -0.4
    0.00    8   20    1.0   32   -1.0   44   -9.0   45   -9.3   46   -3.0
   47    3.5   48    0.2   49   -0.3
    0.00    8   27    1.0   32   -1.0   44   -9.2   45   -9.2   46   -3.0
   47    6.0   48    0.4   49   -0.5
    0.00    8   30    1.0   32   -1.0   44   -9.4   45   -9.9   46   -3.0
   47    2.5   48    0.4   49   -0.8
    0.00    8   31    1.0   32   -1.0   44   -9.7   45  -10.1   46   -3.0
   47    3.3   48    0.2   49   -0.6
    0.00    8   10    1.0   32   -1.0   44   -9.7   45   -9.9   46   -3.0
   47   66.0   48    1.0   49   -1.0
    0.09    3   44   -0.5   45   -0.2   46    1.0
   -5.36    8   32    1.0   44   10.0   45   10.0   47   -9.5   48   -0.5
   49    0.5   73    0.6   74    0.3
    0.00    8   11    1.0   33   -1.0   50   -8.0   51   -8.6   52   -3.0
   53   14.0   54    1.0   55   -1.0
    0.00    8   23    1.0   33   -1.0   50   -8.9   51   -9.3   52   -3.0
   53   12.0   54    1.0   55   -1.0
    0.00    8   19    1.0   33   -1.0   50   -9.5   51   -9.4   52   -3.0
   53    3.5   54    0.2   55   -0.4
    0.00    8   20    1.0   33   -1.0   50   -9.1   51   -9.2   52   -3.0
   53    3.5   54    0.2   55   -0.3
    0.00    8   27    1.0   33   -1.0   50   -9.3   51   -9.1   52   -3.0
   53    6.0   54    0.3   55   -0.5
    0.00    8   10    1.0   33   -1.0   50   -9.8   51   -9.8   52   -3.0
   53   66.0   54    1.0   55   -1.0
    0.09    3   50   -0.4   51   -0.2   52    1.0
   -5.08    8   33    1.0   50    9.6   51    9.6   53   -9.5   54   -0.5
   55    0.5   73   -0.4   74    0.3
    0.00    8   11    1.0   36   -1.0   56   -8.0   57   -8.6   58   -3.0
   59   14.0   60    1.0   61   -1.0
    0.00    8   23    1.0   36   -1.0   56   -8.9   57   -9.3   58   -3.0
   59   12.0   60    1.0   61   -1.0
    0.00    8   19    1.0   36   -1.0   56   -9.5   57   -9.5   58   -3.0
   59    3.5   60    0.2   61   -0.4
    0.00    8   20    1.0   36   -1.0   56   -9.1   57   -9.2   58   -3.0
   59    3.5   60    0.2   61   -0.3
    0.00    8   27    1.0   36   -1.0   56   -9.3   57   -9.1   58   -3.0
   59    6.0   60    0.3   61   -0.5
    0.00    8   10    1.0   36   -1.0   56   -9.8   57   -9.8   58   -3.0
   59   66.0   60    1.0   61   -1.0
    0.09    3   56   -0.4   57   -0.2   58    1.0
   -4.51    8   36    1.0   56    9.1   57    9.1   59   -9.5   60   -0.5
   61    0.5   73   -0.4   74   -0.6
    0.00    2    9   -1.0   26    1.0
    0.00    2    9    1.0   37   -1.0
    0.00    2   10    1.0   37   -1.0
   -2.75    1   37    1.0
    0.00    4   11    1.0   38   -1.0   63  -14.0   64   14.0
    0.00    4   12    1.0   38   -1.0   63   -0.8   64    0.8
   -4.20    3   38    1.0   63    2.0   64   -3.0
    0.00    2    4    1.0   34   -1.0
    0.00    2    3    1.0   34   -1.0
   -3.60    2   34    1.0   65    1.0
    0.00    3    7    1.0   35   -1.0   62   10.1
    0.00    3    8    1.0   35   -1.0   62   12.6
    0.00    4    6    1.0   35   -1.0   62    8.1   66    1.0
    0.00    4    5    1.0   35   -1.0   62    6.9   65    1.0
    0.00    3   29    1.0   35   -1.0   62    8.1
    0.00    3   28    1.0   35   -1.0   62    4.4
   -2.00    2   35    1.0   62  -10.1
    0.00    2   39    1.0   41   -0.3
    0.00    2   13    1.0   41   -4.2
    0.00    2   10    1.0   41   -4.3
    0.00    2    9    1.0   41   -3.8
    0.00    2   25    1.0   41   -3.8
    0.00    2   24    1.0   41   -4.4
    0.04    2   40   -1.0   41    1.4
    0.00    1   40    1.0
    3.00    2   10   -0.5   13   -0.5
    0.40    1   41   -1.0
    0.00    1   41    1.0
    0.01    1   42   -1.0
    0.01    1   43   -1.0
