     200      70
   15.00   11.00   44.00   35.00    5.00   26.00   12.00   18.00   25.00   11.00
   35.00   25.00   16.00   46.00   27.00    9.00   13.00   10.00   30.00   11.00
    0.00   16.00   12.00   20.00    1.00   24.00   23.00    6.00   42.00   17.00
   11.00   11.00   14.00   19.00   20.00   13.00   41.00    9.00   24.00   25.00
   11.00    7.00   23.00    5.00   12.00   24.00   15.00   15.00   32.00   21.00
    9.00   15.00    9.00   35.00   11.00   11.00   28.00    7.00   19.00    0.00
   23.00    6.00   18.00   22.00   22.00   26.00    5.00   12.00   17.00    0.00
       1       1       1       1       1       1       1       1       1       1
       1       1       1       1       1       1       1       1       1       1
       1       1       1       1       1       1       1       1       1       1
       1       1       1       1       1       1       1       1       1       1
       1       1       1       1       1       1       1       1       1       1
       1       1       1       1       1       1       1       1       1       1
       1       1       1       1       1       1       1       1       1       1
  -98.00    3    3    7.0   46    1.0   54    1.0
  -73.00    1   16    1.0
   38.00    8    8    1.0   19    6.0   22    3.0   23    2.0   26    7.0
   59    4.0   61    2.0   65    6.0
   96.00    5   23    2.0   28    6.0   49    8.0   57    7.0   68    3.0
   32.00    1   22    3.0
  -73.00    5    9    1.0   22    4.0   49    8.0   55    1.0   70    8.0
   69.00    1   39    2.0
   72.00    5   20    7.0   25    1.0   29    5.0   46    3.0   61    4.0
   13.00    3    4    8.0   48    2.0   55    1.0
   29.00    2   44    5.0   54    3.0
   56.00    5   12    8.0   15    4.0   36    7.0   56    1.0   64    1.0
   68.00    1   14    6.0
  -95.00    8    4    9.0   12    8.0   22    5.0   37    6.0   51    8.0
   52    7.0   61    5.0   69    5.0
   10.00    5   14    7.0   16    4.0   54    5.0   56    2.0   57    1.0
  -72.00    2   52    7.0   54    4.0
   65.00    3   15    5.0   34    1.0   35    9.0
   50.00    4   11    2.0   15    6.0   26    2.0   46    6.0
  -91.00    3   14    8.0   17    4.0   50    1.0
   -2.00    4    8    6.0   47    6.0   59    9.0   62    6.0
    9.00    1   13    1.0
   85.00    4   20    1.0   24    5.0   34    2.0   66    2.0
   22.00    3    3    3.0    4    2.0   26    3.0
  -31.00    2    5    1.0   19    2.0
    7.00    1   41    4.0
  -69.00    1   61    8.0
  -83.00    4    3    5.0    6    1.0   10    5.0   35    3.0
  -69.00    2   37    9.0   67    2.0
  -72.00    5    4    4.0   26    5.0   39    8.0   63    7.0   68    9.0
   -6.00    4    2    7.0   19    5.0   35    3.0   50    5.0
   17.00    6    9    8.0   10    6.0   24    7.0   39    8.0   43    4.0
   45    2.0
  -39.00    3    9    7.0   43    4.0   59    3.0
    2.00    4    7    2.0    9    9.0   53    1.0   63    8.0
  -27.00    6   11    6.0   29    3.0   34    6.0   41    7.0   54    9.0
   59    3.0
   12.00    7    1    9.0    5    4.0   11    6.0   13    5.0   26    7.0
   35    5.0   45    3.0
  -76.00    1   47    7.0
   27.00    3   11    7.0   45    3.0   56    8.0
   49.00    3    3    8.0   29    3.0   54    2.0
   53.00    5    7    3.0   37    4.0   48    8.0   50    7.0   64    8.0
   72.00    7    3    8.0    8    2.0   11    8.0   34    7.0   36    5.0
   38    4.0   66    6.0
  -41.00    5   42    7.0   45    4.0   50    7.0   57    8.0   69    3.0
   95.00    3   14    5.0   30    4.0   54    3.0
  -48.00    3    4    7.0   12    7.0   33    1.0
   46.00    6   19    8.0   37    6.0   49    9.0   57    9.0   61    4.0
   64    9.0
  -84.00    1    6    3.0
   70.00    4    1    3.0    6    6.0   14    5.0   27    9.0
  -15.00    2   14    6.0   66    8.0
   73.00    3   31    5.0   43    9.0   54    4.0
  -19.00    4   13    8.0   16    4.0   38    5.0   65    9.0
   19.00    4    1    3.0   34    2.0   54    4.0   63    3.0
   90.00    4    3    2.0   17    3.0   34    1.0   53    6.0
  -31.00    6   15    6.0   29    7.0   31    6.0   46    6.0   49    2.0
   50    1.0
   -1.00    3    6    9.0   15    6.0   32    4.0
   75.00    3    4    2.0    7    7.0   29    8.0
   68.00    5   18    3.0   29    8.0   37    8.0   39    6.0   51    1.0
  -67.00    6    2    4.0   27    2.0   29    8.0   37    8.0   48    5.0
   58    2.0
  -24.00    2   46    8.0   57    3.0
   60.00    4   12    2.0   36    1.0   52    1.0   65    3.0
  -15.00    5    4    3.0   19    4.0   30    9.0   49    5.0   64    4.0
  -43.00    3   23    8.0   33    5.0   65    4.0
   82.00    4   14    9.0   17    6.0   20    3.0   69    8.0
   83.00    1    1    4.0
  -38.00    2    6    1.0   13    2.0
   17.00    3    3    5.0    6    2.0   24    8.0
   49.00    1   22    1.0
  -59.00    5    3    6.0    8    9.0   19    5.0   32    7.0   40    8.0
   -9.00    4   11    6.0   30    2.0   58    5.0   67    3.0
   80.00    6    6    3.0   18    7.0   30    2.0   40    9.0   47    9.0
   69    1.0
  -26.00    5   33    8.0   40    8.0   43    6.0   53    2.0   55    9.0
  -86.00    3    6    4.0   27    6.0   66    5.0
  -80.00    2   27    6.0   66    5.0
   98.00    1   60    3.0
  -90.00    2   34    8.0   42    7.0
  -24.00    6   14    4.0   19    8.0   30    4.0   45    4.0   49    8.0
   53    4.0
   64.00    1   49    9.0
    9.00    3   11    8.0   16    2.0   29    5.0
   78.00    2   47    2.0   62    3.0
  -16.00    6   19    9.0   25    1.0   29    6.0   43    8.0   46    4.0
   54    3.0
    0.00    4    2    2.0    6    6.0   25    1.0   68    5.0
  -57.00    5    7    5.0   28    8.0   37    6.0   56    2.0   60    9.0
   60.00    6    1    4.0    5    7.0    6    6.0   21    7.0   24    3.0
   30    6.0
   85.00    2    5    8.0   42    1.0
  -37.00    5   32    4.0   51    9.0   60    7.0   61    6.0   67    7.0
   11.00    3   20    9.0   52    7.0   56    3.0
    2.00    3    7    6.0   10    3.0   33    3.0
  -86.00    3   13    9.0   20    9.0   69    6.0
   56.00    4    6    8.0   28    9.0   39    6.0   60    7.0
  -81.00    2   54    7.0   63    5.0
    9.00    1   11    5.0
  -11.00    3    2    5.0    9    6.0   13    1.0
   42.00    3    6    1.0   51    2.0   57    3.0
  -44.00    3    9    6.0   42    3.0   45    9.0
  -47.00    8   25    5.0   27    3.0   29    1.0   40    6.0   44    1.0
   51    2.0   57    5.0   65    4.0
  -79.00    1   51    3.0
  -53.00    7   42    4.0   44    2.0   45    9.0   47    8.0   50    4.0
   57    4.0   65    4.0
   -2.00    5    2    6.0    4    4.0   14    2.0   17    7.0   28    3.0
   63.00    5    2    7.0   12    4.0   23    9.0   49    6.0   64    6.0
    4.00    3   24    8.0   33    6.0   57    6.0
   58.00    3    7    1.0   29    3.0   37    2.0
  -90.00    2   49    7.0   55    8.0
  -64.00    2   33    8.0   47    9.0
   24.00    1   39    1.0
  -72.00    2   32    9.0   34    7.0
  -54.00    1   64    5.0
  -73.00    1   14    4.0
   51.00    1   58    4.0
  -32.00    4   11    8.0   14    4.0   26    8.0   27    7.0
  -56.00    2   28    6.0   42    8.0
  -43.00    2   13    6.0   35    7.0
   43.00    2   25    1.0   61    4.0
   54.00    3    5    7.0   22    5.0   26    9.0
  -67.00    5   17    2.0   25    2.0   43    8.0   50    8.0   53    5.0
  -93.00    6    8    4.0   36    7.0   42    9.0   46    5.0   52    7.0
   58    8.0
   47.00    4   16    4.0   31    4.0   46    4.0   67    8.0
  -73.00    7    8    5.0   28    8.0   36    7.0   37    6.0   38    5.0
   45    6.0   56    2.0
  -73.00    4    1    4.0    5    8.0   50    9.0   59    8.0
   22.00    4   33    2.0   46    6.0   57    1.0   68    6.0
   -2.00    4   24    5.0   27    1.0   51    9.0   60    8.0
  -16.00    5   10    3.0   13    9.0   24    5.0   32    4.0   51    9.0
  -72.00    5   12    1.0   20    1.0   43    9.0   63    4.0   68    8.0
  -90.00    5   20    1.0   32    5.0   38    7.0   40    5.0   58    2.0
  -86.00    6    2    4.0    6    9.0    7    7.0   23    7.0   61    7.0
   69    7.0
   90.00    3   31    6.0   41    4.0   53    8.0
  -74.00    2    2    4.0   61    8.0
  -61.00    3    4    3.0   30    8.0   50    3.0
  -96.00    5    5    1.0   33    5.0   42    4.0   45    9.0   66    2.0
  -27.00    5    8    8.0   27    4.0   33    6.0   41    5.0   48    6.0
   98.00    4   19    4.0   34    4.0   43    3.0   57    5.0
   41.00    5   10    5.0   28    3.0   50    4.0   59    2.0   69    8.0
  -34.00    5    6    2.0   17    7.0   35    3.0   37    1.0   47    8.0
   16.00    2   20    3.0   23    9.0
   10.00    3    9    8.0   51    3.0   63    8.0
  -87.00    2   34    6.0   59    3.0
  -18.00    5    4    6.0    5    4.0   11    6.0   12    4.0   14    3.0
   75.00    4    6    4.0   25    8.0   45    3.0   55    9.0
   14.00    2   43    5.0   53    3.0
    9.00    4    4    7.0   23    2.0   29    4.0   58    6.0
  -75.00    3   27    6.0   62    1.0   69    2.0
   61.00    5    7    4.0   20    6.0   29    4.0   32    1.0   47    1.0
   50.00    6   11    8.0   21    5.0   34    7.0   39    2.0   60    4.0
   68    4.0
  -49.00    6    3    8.0    7    3.0    8    3.0   22    5.0   28    6.0
   48    1.0
   50.00    6    2    1.0   26    9.0   30    3.0   36    6.0   51    6.0
   57    8.0
  -50.00    9   16    3.0   25    1.0   29    6.0   34    8.0   40    2.0
   42    8.0   49    1.0   55    2.0   67    6.0
   44.00    2   10    1.0   60    6.0
  -81.00    1   58    5.0
  -92.00    1   56    1.0
  -19.00    4   31    5.0   45    6.0   53    5.0   64    2.0
  -86.00    3    3    1.0   30    6.0   54    5.0
   57.00    1   13    9.0
  -71.00    4    2    2.0   54    5.0   58    9.0   69    5.0
   52.00    9    2    3.0    7    6.0   10    2.0   12    9.0   18    2.0
   32    4.0   46    5.0   57    2.0   68    6.0
  -42.00    4   15    6.0   25    4.0   51    9.0   54    6.0
   75.00    2   60    8.0   65    2.0
   34.00    3   15    7.0   30    8.0   45    8.0
  -70.00    3   13    1.0   37    8.0   57    3.0
   67.00    1   53    8.0
   40.00    5    8    7.0   35    2.0   36    1.0   60    9.0   66    2.0
   34.00    2   15    8.0   54    7.0
   38.00    5    7    9.0   22    1.0   28    2.0   39    7.0   45    9.0
  -78.00    5   21    2.0   40    7.0   56    5.0   57    5.0   58    3.0
  -13.00    4   21    6.0   37    1.0   44    2.0   60    1.0
   23.00    5   33    6.0   49    5.0   52    1.0   54    9.0   62    8.0
   66.00    3   13    2.0   29    2.0   56    7.0
  -16.00    5    1    8.0   20    3.0   27    4.0   57    6.0   60    2.0
  -93.00    2    3    7.0   37    2.0
  -13.00    4    9    8.0   28    4.0   38    1.0   50    5.0
  -35.00    1   12    4.0
  -94.00    3   51    5.0   54    1.0   63    8.0
  -42.00    4   17    8.0   18    7.0   51    4.0   62    1.0
   -6.00    2   23    2.0   50    6.0
  -54.00    5    6    3.0   10    9.0   15    3.0   37    3.0   40    9.0
  -71.00    2   51    6.0   66    6.0
   59.00    4   20    6.0   44    5.0   47    2.0   65    7.0
    4.00    5   19    7.0   34    7.0   42    7.0   50    7.0   62    2.0
   86.00    4    7    4.0   19    8.0   41    9.0   67    5.0
   78.00    4   13    7.0   30    4.0   31    2.0   66    7.0
   95.00    2   24    3.0   55    2.0
   63.00    2   64    1.0   66    7.0
  -75.00    6    4    8.0    6    6.0   14    6.0   35    8.0   47    3.0
   63    3.0
  -28.00    6   20    9.0   23    5.0   24    3.0   34    9.0   51    7.0
   55    3.0
  -91.00    4    4    9.0   41    2.0   53    5.0   55    3.0
  -93.00    3   55    3.0   60    6.0   66    8.0
   61.00    4   55    4.0   59    8.0   64    2.0   65    1.0
    9.00    1   61    6.0
  -93.00    5   13    8.0   21    9.0   23    6.0   31    6.0   50    2.0
  -47.00    4   31    6.0   46    7.0   51    9.0   69    6.0
  -40.00    1   67    9.0
  -18.00    3   10    4.0   26    3.0   41    4.0
   58.00    3   12    1.0   54    7.0   61    7.0
  -88.00    4    6    9.0   28    1.0   31    7.0   49    4.0
  -55.00    3   14    1.0   38    8.0   54    8.0
   66.00    5   18    4.0   36    1.0   41    5.0   54    7.0   55    6.0
   96.00    4   11    5.0   21    1.0   61    9.0   63    6.0
  -21.00    1   29    1.0
    5.00    2    4    4.0    7    9.0
   27.00    4    6    2.0   13    2.0   37    1.0   42    4.0
  -85.00    1   45    1.0
   37.00    4    3    6.0    5    3.0   12    4.0   39    9.0
   -6.00    4    9    8.0   40    8.0   44    3.0   57    6.0
   18.00    4   34    6.0   47    8.0   52    3.0   55    9.0
  -28.00    1   45    7.0
