     700      50
  219.00  131.00  482.00  285.00  196.00  366.00  257.00  290.00  198.00  209.00
  388.00  368.00  470.00  265.00  399.00   82.00  113.00   17.00   28.00  159.00
   24.00  394.00  431.00  154.00  145.00  291.00   82.00  390.00   64.00  317.00
  307.00  227.00  125.00  175.00  477.00  150.00  375.00  305.00  100.00  364.00
  175.00  170.00  161.00  283.00  310.00  327.00  315.00  205.00  172.00    0.00
       1       1      -1      -1      -1      -1      -1      -1      -1      -1
      -1      -1       1      -1      -1      -1      -1      -1      -1      -1
      -1      -1      -1       0       0      -1      -1      -1      -1      -1
      -1      -1      -1      -1      -1      -1      -1      -1      -1      -1
      -1      -1      -1      -1      -1      -1      -1      -1      -1       0
   26.00    3    6   77.0   28   31.0   38   85.0
   75.00    5    1   21.0    3   25.0   38    1.0   40   73.0   48   16.0
   76.00    3    8    1.0   12   48.0   32    5.0
   51.00    3    5   38.0   12   97.0   38   13.0
   34.00    5    8   87.0    9   13.0   17   14.0   29   64.0   41   87.0
   33.00    4   22   68.0   32   43.0   33   75.0   49   42.0
   95.00    8    1   20.0    4   94.0    9   53.0   15   94.0   21   18.0
   31   96.0   35   94.0   38   70.0
   60.00    6    2    7.0    4   92.0   13   86.0   14   85.0   39   23.0
   42   49.0
  -78.00    4    2   59.0   13   25.0   25   72.0   45   91.0
   24.00    1    9   65.0
   87.00    5   11   40.0   26   25.0   35   90.0   41   19.0   46    8.0
   92.00    3   18    4.0   20   98.0   41    7.0
  -18.00    3    1   51.0    3    7.0   30   46.0
   25.00    3   23   89.0   31   77.0   45   99.0
   73.00    4   24   70.0   44   27.0   45   73.0   48   33.0
   32.00    7   11   88.0   17   99.0   19   28.0   20   32.0   23   75.0
   27   82.0   35   65.0
   77.00    4   11   77.0   14   54.0   38   66.0   44   69.0
   96.00    7    3   52.0    6   78.0    7   14.0   14   58.0   22    2.0
   34    8.0   46    2.0
    7.00    4   12   52.0   26    1.0   28   50.0   37   45.0
   57.00    7    3   87.0    4    8.0    5   67.0   13   61.0   15   62.0
   26   83.0   36   87.0
   44.00    6    3   54.0    6   84.0   12   32.0   13    8.0   25   57.0
   32   47.0
   58.00    6   22   56.0   34   59.0   37   87.0   42   28.0   46   94.0
   48   25.0
   78.00    6    9   24.0   13   96.0   23   74.0   26   41.0   40    6.0
   47   12.0
   78.00    4    3   15.0    4   40.0    8   25.0   20   25.0
   46.00    4   10   44.0   16   82.0   30   98.0   42   57.0
   71.00    6    6   70.0    7   97.0   12    5.0   35   16.0   38   70.0
   40   95.0
   93.00    8    5   13.0   10   63.0   13   62.0   23   23.0   28   36.0
   36   12.0   44   98.0   45   19.0
   91.00    8    3   95.0   10   54.0   11    9.0   15   81.0   18   13.0
   25   11.0   35   93.0   37   45.0
   78.00    6    3   91.0   11    5.0   15   39.0   22   82.0   35   20.0
   46   71.0
   14.00    9    7   77.0   28   73.0   31   72.0   39   36.0   42    7.0
   43   88.0   44   56.0   48   77.0   49   37.0
   18.00    2   47   63.0   48   19.0
   24.00    4    4   41.0    8   41.0   12   76.0   42   29.0
   91.00    4   11   64.0   23   95.0   26   99.0   43   46.0
   64.00    4   13   75.0   15   24.0   34   54.0   35   25.0
    1.00    1    7   67.0
   58.00    3   20    4.0   22   49.0   39    9.0
   21.00    7   11   33.0   22   31.0   28   58.0   30   44.0   37   96.0
   40   58.0   43   27.0
   49.00    3    9   43.0   15   99.0   32   31.0
   52.00    3   22   59.0   28   73.0   37   52.0
   25.00    6    5   78.0    6   57.0   12   44.0   13    5.0   30   79.0
   44   33.0
   19.00    6    8   92.0   32   95.0   40   97.0   41   62.0   45   28.0
   46   98.0
   45.00    5    1   21.0    4   10.0   26   42.0   32    6.0   33   50.0
   86.00    5   11   72.0   24   84.0   39   32.0   47   32.0   49   83.0
   73.00    4   13   52.0   30   31.0   31    7.0   47   66.0
   62.00    5    7   69.0   12   14.0   23   71.0   25    5.0   47   71.0
   34.00    2    1   91.0   23    4.0
   51.00    9    3   56.0   10   48.0   21    6.0   31   55.0   34   54.0
   36   47.0   40   29.0   47   71.0   49   10.0
   36.00    5    1   15.0   28   69.0   30   19.0   35   74.0   37   50.0
   75.00    5    2   65.0   14   68.0   36    4.0   46   54.0   48   35.0
   83.00    3    8   44.0   22   47.0   40    6.0
   68.00    3    3   76.0   31   84.0   44   68.0
   78.00    7    9   86.0   11   79.0   16   42.0   20   29.0   22   96.0
   30   85.0   39   48.0
    4.00    6   14   45.0   20   85.0   34   69.0   40   88.0   42   35.0
   45   94.0
   87.00    7   14   70.0   24   59.0   28   12.0   39   22.0   40   36.0
   43    3.0   44   27.0
   89.00    3   13   55.0   20   32.0   47   30.0
   11.00    4   31   14.0   35   42.0   36   19.0   46    8.0
    2.00    4    1    7.0   33   92.0   36   85.0   46   42.0
    6.00    3    1   76.0   11   86.0   29   29.0
   91.00    4   13   20.0   26   99.0   27   54.0   37   40.0
   10.00    6    1   58.0    3   67.0    4   51.0   20   92.0   26   92.0
   30    8.0
   91.00    3   21   51.0   44    5.0   49   68.0
   41.00    7    8   36.0   14   58.0   25   72.0   26    1.0   42   42.0
   43   91.0   49   89.0
   26.00    2   10   43.0   35   13.0
    5.00    3   11   19.0   26    7.0   38   75.0
    4.00    5   21   93.0   28    1.0   30   13.0   38   45.0   39   92.0
   72.00    7    2   15.0    9   29.0   19   95.0   23   16.0   41   74.0
   45   68.0   47   63.0
    2.00    3    2   24.0   34   49.0   36   97.0
   43.00    7    2   78.0    3   17.0   13   97.0   24   75.0   37   43.0
   44   38.0   48    7.0
    5.00    4    8    1.0   12   42.0   18   17.0   36    1.0
   52.00    4   19   94.0   21   37.0   41   37.0   46   36.0
   26.00    4   24   29.0   42   99.0   45   71.0   47   69.0
   31.00    6    4   90.0   10   88.0   18   27.0   25   62.0   26   56.0
   30   60.0
    4.00    5    1   22.0    5   88.0   20   81.0   29   48.0   40   51.0
   98.00    7    1   57.0   17   62.0   24   16.0   28   83.0   32   34.0
   44   23.0   45   76.0
   72.00    6    6   23.0   30   87.0   35   62.0   40   50.0   41   51.0
   49    9.0
   27.00    3    2   16.0    4   66.0   26   33.0
   12.00    4    4   28.0   11   31.0   34   72.0   43    1.0
   14.00    4   11   31.0   30   65.0   34   97.0   47   30.0
   57.00    4    5   76.0   14    7.0   30   89.0   47   80.0
   61.00    3    6   53.0   10   87.0   11   76.0
   90.00    6    4   76.0   13   23.0   28   77.0   33   46.0   40   93.0
   48   95.0
    5.00    6    3   38.0    8   18.0   20   77.0   37   57.0   42   86.0
   43   79.0
   86.00    7   10   83.0   12   14.0   13   32.0   20   73.0   22   62.0
   41   35.0   43   23.0
   53.00    3    3   64.0   21   14.0   33   86.0
   42.00    6    5   11.0    8   87.0   20    6.0   29   77.0   30   84.0
   33   44.0
   15.00    4   12   10.0   19   70.0   34   11.0   43   76.0
    7.00    7   16   27.0   20   18.0   27   30.0   29   59.0   33   51.0
   38   63.0   47   65.0
   68.00    2    2   11.0   12   30.0
   21.00    6    5   87.0    7   20.0    9   57.0   16    9.0   21   25.0
   27   72.0
   34.00    2   38   29.0   41   21.0
   37.00    4    2   41.0   14   63.0   24   71.0   29   81.0
   51.00    3   15   50.0   42   44.0   44   39.0
   54.00    3   25   87.0   27   86.0   31   86.0
   84.00    5    7   62.0   13   20.0   23   52.0   30   75.0   42   98.0
   19.00    7   13   59.0   18    9.0   21   66.0   26   35.0   31   13.0
   33   94.0   40   96.0
   16.00    2   22   36.0   27   76.0
   83.00    4   17   20.0   18   41.0   33   78.0   40   66.0
   97.00    2   10   80.0   22   98.0
   44.00    8    8   39.0   14   12.0   15   83.0   24   58.0   26   61.0
   39   69.0   41   71.0   43   12.0
   84.00    4   16    6.0   20   73.0   28   21.0   43   69.0
   94.00    2   16   84.0   29   21.0
   50.00    5    6   10.0    7   15.0    8   73.0   41   84.0   48   86.0
   33.00    6    4   89.0   18   97.0   27   12.0   36   49.0   46   34.0
   49    8.0
   44.00    1   38   71.0
   85.00    6    4    4.0   15   89.0   20   79.0   30   56.0   32   60.0
   33   21.0
    3.00    2    9   35.0   35   86.0
   55.00    6   10   52.0   21   28.0   26    8.0   27   22.0   29   75.0
   34   83.0
   33.00    6    7   59.0   17   42.0   32   20.0   33   96.0   42   96.0
   47   13.0
    7.00    5    2   31.0   16   32.0   19   85.0   40   49.0   48   88.0
   54.00    1   29   83.0
   84.00    3    8   39.0    9   46.0   43   16.0
   25.00    6    2   27.0    9   60.0   11   10.0   17   18.0   19    8.0
   24   65.0
   79.00    6   13   61.0   14   40.0   15   34.0   18    1.0   20   12.0
   21   52.0
   52.00    5   16    3.0   17   60.0   22   55.0   25   20.0   35    6.0
   52.00    4    1   77.0   16   83.0   27   77.0   36   60.0
   74.00    4   14   96.0   15   95.0   37   33.0   40   44.0
   70.00    4    5    5.0   32   33.0   36   51.0   45   34.0
   33.00    5   21   31.0   23   58.0   40   62.0   42    5.0   47   97.0
   21.00    5   13   70.0   26   74.0   28   66.0   29   21.0   46   69.0
   56.00    8    5   71.0   15   43.0   17   82.0   20   93.0   22   62.0
   26    2.0   30   84.0   41   13.0
   13.00    1   15   43.0
   96.00    4   12   38.0   21   39.0   32   98.0   47   10.0
   77.00    6    5   19.0   31   24.0   38   88.0   45   32.0   48   81.0
   49   13.0
   19.00    6    6   62.0   20   47.0   26   10.0   29   10.0   39   33.0
   43   23.0
   76.00    6   18   28.0   25   39.0   29    8.0   33   87.0   39   54.0
   45    3.0
   90.00    5    7   78.0   16   97.0   26    5.0   36   28.0   44   64.0
   42.00    7    1   67.0    3   26.0    4   35.0   17   60.0   28   85.0
   45   35.0   46   59.0
   89.00    6   11   52.0   16   70.0   27   12.0   32   36.0   34   40.0
   36   76.0
   25.00    5    6   97.0   18   47.0   22   43.0   26    7.0   43   68.0
   90.00    3   16   31.0   25   42.0   48   30.0
   28.00    5    2   47.0    6   20.0   18   40.0   32   47.0   44   72.0
   60.00    1   22   51.0
   26.00    5    8   93.0   33   27.0   36   35.0   41   51.0   47   71.0
   63.00    5    7   55.0   12   28.0   14   89.0   17    2.0   42   38.0
   14.00    4   25   63.0   38   23.0   42   46.0   43   39.0
   95.00    5   19    2.0   21   11.0   33   44.0   42   50.0   46    3.0
   35.00    1   14   40.0
   69.00    5   20   89.0   22   23.0   25   81.0   31   94.0   49   91.0
   50.00    3    7   24.0   12   38.0   40   38.0
   26.00    3    8   36.0   27   63.0   29   65.0
   22.00    6    6   76.0   23   91.0   24   31.0   40   30.0   42   28.0
   44   89.0
   60.00    1    2   58.0
   50.00    3   16   48.0   34   28.0   47    7.0
   41.00    2    4   96.0   33   67.0
   15.00    9    5   89.0   11   49.0   12   96.0   19   69.0   21   94.0
   32   59.0   36   83.0   38   92.0   41   16.0
   55.00    2   14   77.0   28   58.0
    1.00    5    8    1.0   16   84.0   18   97.0   20   99.0   42   12.0
   11.00    9    2   62.0    4   94.0    6   78.0    8   71.0    9   73.0
   17   91.0   19   10.0   24   10.0   40   35.0
   59.00    4    6   64.0   20   45.0   39   79.0   40   93.0
   75.00    7    2   26.0    3   64.0    9   23.0   14   57.0   28   58.0
   39   93.0   43   13.0
   56.00    2   34   80.0   47   96.0
   73.00    4   15   76.0   22    3.0   36   47.0   41    3.0
    4.00    3   10   40.0   23   36.0   34   25.0
   51.00    8    1   83.0    9   95.0   14    6.0   17   88.0   26   82.0
   34   99.0   38   53.0   42   28.0
    9.00    4    9   69.0   16   52.0   35   95.0   49   65.0
   27.00    6    4   24.0   11   92.0   22   37.0   25   86.0   41    2.0
   46   35.0
   92.00   10    9   45.0   10   30.0   23   95.0   24   22.0   25   57.0
   32   30.0   39   93.0   45   33.0   47   62.0   48   46.0
   53.00    2    5   79.0   29   50.0
   79.00    2   24   55.0   32    1.0
   28.00    6    2   10.0    4   80.0    8   39.0   23   91.0   29   98.0
   42    6.0
   73.00    6   16   77.0   20   45.0   28   21.0   29   50.0   41   31.0
   42   94.0
   88.00    5    1    8.0   14   61.0   15   48.0   27   37.0   46   55.0
   22.00    6    6   51.0   10   25.0   18   16.0   19   32.0   25   46.0
   31   80.0
    3.00    4    3    9.0   19   27.0   20   26.0   34   76.0
   46.00    6    9   42.0   11   44.0   25   21.0   29   50.0   36   90.0
   44   60.0
   74.00    6    6   45.0    9   19.0   23   48.0   30   62.0   37   89.0
   45   50.0
   84.00    7    7   59.0    8   36.0   12   85.0   16   10.0   18    2.0
   26   80.0   44   54.0
   44.00    6    1   11.0    9   30.0   27   96.0   37   35.0   38   57.0
   45   73.0
   54.00    3    9   26.0   14   67.0   35   93.0
   20.00    5   10   57.0   33   42.0   35   63.0   45   45.0   48   25.0
   62.00    6    3   53.0   23   93.0   24   70.0   32   13.0   33   11.0
   45   64.0
   85.00    4    8   98.0   27   15.0   32   44.0   48   88.0
   21.00    3    4   51.0   11   68.0   49   22.0
   96.00    4   15   50.0   32   37.0   34   23.0   47   25.0
   81.00    6    4   34.0    6   93.0   20   45.0   37   99.0   38    1.0
   45    8.0
   43.00    6    3   91.0    4   46.0   33    3.0   42   19.0   45   84.0
   46   46.0
   89.00    4   29   20.0   36   12.0   39   87.0   49   56.0
   11.00    2    4   71.0   43   67.0
   87.00    7   14   47.0   22   31.0   24    3.0   33   34.0   39   88.0
   44    4.0   48   76.0
    3.00    1    1   21.0
   34.00    2   33   76.0   44   37.0
   78.00    5   20   72.0   24    5.0   34   96.0   37   13.0   48   78.0
   77.00    3    1   62.0   38   38.0   47   11.0
   37.00    1   20   78.0
   48.00    4    9   65.0   12   84.0   21   53.0   49   33.0
   24.00    6    6   46.0   12   36.0   15   29.0   17    4.0   21   97.0
   26   38.0
   95.00    4    3   22.0   10   57.0   27   20.0   49   37.0
   17.00    1   13    1.0
   75.00    3    4   75.0    6   38.0   14   29.0
   69.00    1    3   65.0
   95.00    3   11   97.0   14   58.0   26   39.0
   61.00    3   19   93.0   21   84.0   46   52.0
   85.00    8    5   40.0   10   89.0   18   54.0   20   96.0   25   56.0
   31   14.0   37    5.0   43    4.0
   90.00    4   23   98.0   35   23.0   40   72.0   48   24.0
   32.00    7    2   74.0   22   40.0   29   28.0   34   76.0   38   54.0
   39   48.0   41    5.0
   83.00    3   11   52.0   24   71.0   41   85.0
   76.00    3    7   87.0   11   22.0   24   69.0
    5.00    6   15   63.0   27   58.0   31    9.0   33   71.0   45   19.0
   48   29.0
   39.00    3    5    9.0   17   86.0   35   67.0
   19.00    4    4    8.0   24   78.0   30   17.0   42   71.0
   23.00    8    1   59.0    3   85.0    8   66.0   13   64.0   18   80.0
   28   88.0   34   76.0   43   28.0
   30.00    5   13   42.0   17   44.0   38   32.0   39   24.0   49   45.0
   39.00    4    2   83.0    7   33.0   33   95.0   38   37.0
    8.00    5    7   40.0   16   14.0   22   82.0   23    5.0   26   25.0
   77.00    6    1   18.0   14   22.0   19   98.0   21   17.0   35   99.0
   49   66.0
   99.00    2   35   50.0   39   66.0
   91.00    2   11   90.0   34   73.0
   40.00    3    9   88.0   29   29.0   46   38.0
   10.00    4    8   30.0   20   50.0   27   16.0   32   36.0
   22.00    4    9   80.0   12   28.0   23   62.0   28   92.0
   80.00    7    5   53.0   16   93.0   20   70.0   21   50.0   23   38.0
   28    5.0   32   15.0
   72.00    5   10   15.0   15   23.0   22   74.0   29   24.0   36   26.0
   55.00    4   14   49.0   27   70.0   28   50.0   49   62.0
    7.00    6    1   70.0   18   96.0   21    3.0   22   28.0   29   91.0
   46   76.0
   26.00   10    3   73.0    8   28.0   12   49.0   18   71.0   25   23.0
   26   96.0   27   83.0   37   98.0   41   82.0   49   81.0
   89.00    2    5   90.0   16   14.0
   70.00    6    8    4.0   11   87.0   14   98.0   24   71.0   45   52.0
   48   87.0
   80.00    8    1   72.0    4   75.0   16    7.0   18   98.0   26   18.0
   34    5.0   38   27.0   40   20.0
   95.00    1   26   61.0
   41.00    9    7   50.0   10   13.0   12   50.0   13   66.0   15   80.0
   16   48.0   18   37.0   28   56.0   47   80.0
   36.00    4    4   77.0    6   21.0   35   19.0   47   17.0
   29.00    5    7   75.0   17   11.0   25   65.0   36   75.0   47   80.0
   75.00    4    1   51.0   17   11.0   35   81.0   40   85.0
    3.00    5    9   32.0   10    6.0   11   10.0   20    3.0   33   39.0
   97.00    5   16   43.0   19    7.0   22   17.0   23   52.0   46    9.0
   88.00    6   10   84.0   20    3.0   26    1.0   29   16.0   46   45.0
   47    6.0
    6.00    5    3    3.0    4   70.0   10    1.0   33   92.0   35   48.0
   50.00    4    4   96.0   12   95.0   30   85.0   35   52.0
   59.00    3   12   18.0   41   61.0   42   96.0
   42.00    3    3   94.0   17   29.0   20   91.0
   72.00    1    4   99.0
   63.00    5    7   88.0   18   75.0   33   15.0   34   96.0   42   69.0
   93.00    7    2   78.0    9   94.0   22    5.0   26   71.0   27   21.0
   31   68.0   49   16.0
   24.00    4   14   71.0   25   45.0   26    4.0   49   84.0
   61.00    2   13   20.0   45   64.0
   74.00    4   10   38.0   13   28.0   16   38.0   27   64.0
   83.00    7   14   61.0   21   98.0   22   76.0   27   23.0   30   54.0
   36   28.0   48   18.0
   83.00    2    9    5.0   35   20.0
   70.00    5   10   41.0   16   45.0   18    7.0   27   67.0   39   88.0
    2.00    4   14   13.0   20   61.0   32   71.0   48   79.0
   59.00    7    5   31.0    8   23.0   11   64.0   16   93.0   18   87.0
   26   59.0   28   37.0
    3.00    3    4   24.0   10   29.0   15   75.0
   42.00    1   11   31.0
   51.00    4   20   45.0   21   94.0   27   34.0   46   58.0
   61.00    8    3   72.0   22   48.0   26   23.0   28   21.0   31   51.0
   32   73.0   39   88.0   48   24.0
   84.00    5   13   93.0   23    8.0   27   67.0   43   13.0   44   41.0
   68.00    5   17   78.0   23   73.0   33   18.0   36    8.0   47   96.0
   46.00    6   10   10.0   15   65.0   20    7.0   23   71.0   27   29.0
   35   69.0
   98.00    5   14   57.0   19   30.0   30   20.0   36   26.0   46   82.0
   91.00    5   11   51.0   12   18.0   23   85.0   37   82.0   47   39.0
    7.00    8    8   46.0   10   19.0   19   13.0   22   58.0   25   27.0
   29   62.0   30   26.0   39   72.0
    2.00    2   31   50.0   33   52.0
   11.00    4   18   61.0   25   72.0   33   56.0   40    5.0
   46.00    2    3    1.0   46   43.0
   92.00    6    9   85.0   28   87.0   33   90.0   39   99.0   40   25.0
   44   11.0
   43.00    6    1   52.0   17   87.0   24   84.0   39   46.0   43   12.0
   44   89.0
   60.00    3   19   74.0   27   92.0   35   55.0
   18.00    6    1   14.0   23   98.0   30   17.0   34   93.0   35   71.0
   36   91.0
   47.00    3   28   93.0   36   72.0   49   49.0
   82.00    3    5   91.0   17   63.0   49   92.0
   10.00    3   27   28.0   38   41.0   47   35.0
   20.00    4    5   68.0   16   43.0   31   14.0   36   86.0
   90.00    5   10   20.0   18   96.0   26   99.0   37    7.0   41   87.0
   20.00    5    6   54.0   21   89.0   30   45.0   38   64.0   48   76.0
   66.00    4    8   91.0   16   32.0   21   18.0   26    2.0
    7.00    4    7   74.0    8   35.0   28   61.0   40   76.0
   64.00    4   14   81.0   18   79.0   28   96.0   34   69.0
   70.00    3   12   28.0   14   54.0   34   13.0
   13.00    4   12   21.0   18   37.0   24   30.0   42   90.0
   57.00    5    2   60.0    4   54.0   11   86.0   44   49.0   47   46.0
   11.00    4   14   21.0   26   84.0   34   47.0   45   90.0
    6.00    6   13   14.0   15   27.0   23   86.0   41   81.0   42   46.0
   47   96.0
   25.00    3   21   54.0   30   92.0   35   40.0
   17.00    1    5   61.0
    5.00    6    7   55.0   11   95.0   12   45.0   21   40.0   32   52.0
   38   84.0
   79.00    8   11   22.0   23   21.0   29   80.0   41    1.0   43   64.0
   45   52.0   46   45.0   47   59.0
   37.00    4    1   59.0   10   83.0   13   33.0   31   76.0
   74.00    4   12   16.0   13   96.0   32   91.0   36   44.0
   29.00    1   43   28.0
   49.00    2    9   78.0   37   74.0
   75.00    5   22   52.0   28   92.0   31   71.0   32   27.0   36   39.0
   92.00    3   32   84.0   37   32.0   49   79.0
   26.00    3   14   74.0   15    8.0   27   35.0
   86.00    4    9    9.0   20   26.0   26   12.0   43   41.0
   39.00    7    3   43.0    5   54.0   15   86.0   16   28.0   30   39.0
   34   41.0   49   72.0
   29.00    3   22   48.0   41    8.0   44   94.0
   44.00    2    8   83.0   36   13.0
   36.00    5    8   52.0   13   65.0   24   98.0   27    5.0   35   83.0
   66.00    2   12   53.0   31   81.0
   66.00    8    4   47.0   15   86.0   21   43.0   23   84.0   24   55.0
   33   86.0   37   81.0   47   86.0
   54.00    2   11   26.0   15   86.0
   23.00    4    3   58.0    8   52.0   10   71.0   47   66.0
    3.00    6   13   65.0   21   30.0   25   78.0   33    8.0   37   65.0
   49   68.0
   80.00    1   40   21.0
   22.00    8    5   74.0   14   13.0   16   10.0   23   20.0   24   88.0
   29   31.0   32    6.0   46   84.0
    2.00    1   27   10.0
   57.00    4    2   59.0    3   31.0    4   20.0   29   44.0
   85.00    3    6   99.0   20   77.0   45   83.0
    3.00    2   14   86.0   39   32.0
   98.00    7   11   29.0   12   85.0   24   13.0   25   32.0   26   44.0
   32   55.0   41   79.0
   84.00    4    3   11.0   20    5.0   33   45.0   41   66.0
   17.00    1   31    3.0
   39.00    4   15   64.0   16   17.0   27   35.0   31   63.0
   80.00    5    5   36.0   10   81.0   35   49.0   48   73.0   49   57.0
   14.00    3   14   39.0   26   59.0   41   98.0
   68.00    3    4    5.0    8    5.0   23   59.0
   46.00    6   11   18.0   12   79.0   24   78.0   27   38.0   36   42.0
   48   94.0
   13.00    8   16   81.0   21   96.0   25   89.0   27   87.0   28   88.0
   41   75.0   45   81.0   49    6.0
    7.00    4    6   94.0   22   33.0   36   94.0   46   97.0
   68.00    1   32   63.0
   18.00    5   14   51.0   16   29.0   18   94.0   19   23.0   43   95.0
    1.00    3   10   84.0   30   87.0   31   62.0
   35.00    6    3    9.0    5    8.0    9   15.0   31   49.0   38   80.0
   44   65.0
   41.00    6    4   33.0   18   39.0   24   57.0   25   53.0   34   79.0
   40   10.0
   22.00    8    1   67.0    2   79.0    6   40.0    7   79.0    9   19.0
   33   53.0   43   11.0   44   79.0
   26.00    6   14   14.0   17   67.0   18   29.0   32   27.0   33    3.0
   47   99.0
   37.00    8   18   55.0   19   52.0   20   30.0   21   78.0   23   11.0
   27   63.0   29   96.0   42   37.0
   25.00    2   14   93.0   36   33.0
   96.00    6    3   71.0   18   31.0   21   74.0   28   90.0   33   30.0
   34   21.0
   60.00    1   18   21.0
   76.00    5   15    8.0   26   14.0   40   87.0   46    2.0   49   54.0
   29.00    4   18   10.0   31    5.0   33   76.0   34   54.0
   84.00    9    1   16.0    8   34.0   12   97.0   27   81.0   28   42.0
   34   84.0   42   61.0   46   94.0   48   99.0
   64.00    6   17    5.0   24   74.0   25   52.0   26    5.0   27   40.0
   33   61.0
   45.00    7    3   90.0    8   22.0   11   42.0   12   39.0   25    1.0
   31    1.0   44   65.0
   62.00    3   11    4.0   19   13.0   27   14.0
   15.00    5   12   38.0   13   37.0   21   87.0   45   92.0   48   61.0
    5.00    8    1   45.0    4   99.0    5   56.0    6   98.0   12   70.0
   15   90.0   27   64.0   40    3.0
   30.00    3    7   33.0   10   87.0   48   46.0
   79.00    4    3   29.0   10   92.0   20   22.0   35   17.0
   78.00    2   16   90.0   17   23.0
   62.00    9    4   53.0    9   74.0   10   51.0   17   66.0   20   76.0
   21    7.0   22   21.0   23   50.0   34   36.0
   16.00    4    6   96.0   27   20.0   36   57.0   44   78.0
   41.00    4    8   96.0   14   15.0   29   26.0   39   93.0
   73.00    4    1   35.0    5   72.0   33   38.0   49   84.0
   98.00    4    1   32.0    7   80.0   24   66.0   38   50.0
   72.00    5   11   57.0   18   99.0   23   98.0   28   49.0   30   45.0
    3.00    4    6   26.0   30   97.0   45   36.0   48   16.0
   87.00    7    2   96.0   16   52.0   29   17.0   38    5.0   40   56.0
   42   72.0   45   85.0
   89.00    3    7   40.0   12   66.0   16   39.0
   47.00    2   10   91.0   39   60.0
   50.00    7   11   14.0   18   91.0   32   79.0   33   74.0   35   37.0
   38   82.0   45   65.0
   59.00    7    3   68.0    6   86.0   13   70.0   22    8.0   26   38.0
   27   52.0   38   91.0
   68.00    6    9    3.0   24   16.0   26   11.0   38    5.0   46   48.0
   47   72.0
   41.00    1   39   48.0
   80.00    3    5   94.0   14   87.0   39   47.0
   70.00    4   23    4.0   34   80.0   43   22.0   47   95.0
   29.00    3    6   36.0   27    7.0   35   33.0
   13.00    4   22    6.0   30   78.0   41   25.0   46   21.0
   67.00    5   14   84.0   33   15.0   36   71.0   42   37.0   49    8.0
   18.00    1   26   82.0
   15.00    2    5   53.0   35   94.0
   93.00    6    1   37.0   11   32.0   16   23.0   23   77.0   39   79.0
   40   34.0
   73.00    2   11   66.0   29   80.0
   95.00    2    2    7.0   15   28.0
   75.00    4   11    7.0   20   76.0   37   10.0   38   78.0
   82.00    5   12   89.0   29   37.0   36   55.0   42   32.0   44   45.0
   64.00    5   27   57.0   29   60.0   30   84.0   33   74.0   34   37.0
   50.00    5    1   26.0    4   10.0   19   98.0   27   80.0   29   30.0
   45.00    3    1   81.0   25   18.0   32   56.0
   29.00    4    2    7.0    4   18.0   13   94.0   27   13.0
    7.00    4    2   71.0    8    8.0   24   38.0   30   16.0
   56.00    5   22   61.0   31   95.0   34   29.0   36   94.0   46   32.0
   94.00    4   10   53.0   20    5.0   22   51.0   49   75.0
   25.00    5    3   85.0   11   86.0   14   94.0   42   77.0   47   36.0
   89.00    3   30   50.0   33   10.0   36   13.0
   20.00    6   14   85.0   15   45.0   23   36.0   28   11.0   30   60.0
   44   61.0
   78.00    3   10   70.0   13    6.0   40   44.0
   43.00    4    6    1.0   10   79.0   23   98.0   36   42.0
   68.00    3   19    2.0   43   26.0   46    2.0
   51.00    4   17   86.0   20   21.0   22   21.0   46   51.0
   34.00    9    9   21.0   11   84.0   12   35.0   22   21.0   29   56.0
   32   56.0   40   13.0   43   69.0   44   45.0
   37.00    5    9   94.0   17   85.0   29   91.0   33   84.0   39    1.0
   36.00    1   22   81.0
   46.00    4   19   65.0   23   31.0   32   70.0   45   32.0
   72.00    3    9   90.0   23    1.0   31   83.0
   20.00    4    4   85.0   18   70.0   28   39.0   39   93.0
   45.00    2    3   62.0   18   75.0
   67.00    2   26   39.0   29   14.0
   47.00    5    4   18.0   27    2.0   28   69.0   36   28.0   48   42.0
   48.00    6   12   99.0   13   43.0   27   19.0   31   62.0   36   69.0
   47   34.0
   84.00    3    6   13.0   15   68.0   33   48.0
   73.00    7    6   98.0   18   70.0   19   25.0   23    9.0   29   67.0
   36   74.0   40   88.0
   64.00    2   15    9.0   16   39.0
   97.00    4   11   11.0   12   81.0   29    7.0   42   51.0
   24.00    7    9    2.0   11   33.0   20    9.0   29   70.0   32    5.0
   41   56.0   44   84.0
   84.00    3    5   49.0   38   86.0   43   15.0
   73.00    4   14   17.0   19   67.0   31   36.0   32   80.0
   26.00    4    1   64.0    2   54.0   10   29.0   22   94.0
   48.00    5   10   62.0   17   69.0   21   98.0   42   87.0   49   47.0
   96.00    1   48   71.0
   84.00    5   12   63.0   32   87.0   42   14.0   45   89.0   48   61.0
    3.00    4    4   88.0   21   14.0   27   73.0   33   60.0
   64.00    7    5   67.0    6   46.0   15   69.0   24   89.0   28   37.0
   29   82.0   36   42.0
   16.00    4    3   92.0    9    3.0   18   28.0   30   24.0
   30.00    8   23   63.0   25   19.0   26   29.0   30   50.0   36   34.0
   43   13.0   44   79.0   48   25.0
   16.00    6    9    6.0   18   32.0   19   21.0   25   67.0   38   38.0
   49   60.0
   51.00    4   27   41.0   30   47.0   31   83.0   32   43.0
   60.00    5    7   81.0   13   90.0   24   57.0   32   85.0   36   86.0
   75.00    6   12   86.0   22   95.0   31    6.0   35   71.0   43   41.0
   49   10.0
   23.00    6    3   90.0   13   29.0   28   16.0   43   45.0   44   79.0
   49   62.0
   47.00    1   18   64.0
   20.00    6    8   53.0   22   82.0   24    8.0   25   77.0   43   35.0
   48   59.0
   85.00    2   29   67.0   37   50.0
   70.00    2   39   59.0   40   24.0
   52.00    3   28   43.0   40   56.0   49   73.0
   56.00    6    1   60.0   11   28.0   15   66.0   28   99.0   31   32.0
   40   18.0
   60.00    8    4   91.0   12   64.0   13   46.0   32    3.0   34   94.0
   37   86.0   41   87.0   47   90.0
   86.00    4   17   43.0   20   20.0   28   87.0   30   56.0
   53.00    8    2   19.0   17   11.0   20   65.0   25   26.0   32   52.0
   33   91.0   34   11.0   42   58.0
   85.00    2   28   35.0   42   96.0
   55.00    5    9   30.0   12    6.0   32   26.0   34   44.0   49   75.0
   19.00    4    1   71.0   24    9.0   37   41.0   47    7.0
   22.00    8   14   59.0   16    8.0   18   67.0   27   15.0   38   50.0
   43   74.0   44   47.0   45   12.0
   56.00    2    8    6.0   41   88.0
   25.00    3   24   61.0   40   45.0   41   64.0
   34.00    6   15   58.0   16   43.0   27   18.0   41   21.0   44   66.0
   49   55.0
   69.00    6    6   97.0    9   66.0   10   35.0   41   24.0   46   39.0
   49   70.0
   84.00    8    5   70.0   12   95.0   21    4.0   33   42.0   41   55.0
   45   25.0   46   57.0   47   58.0
   57.00    4    4   59.0   27   41.0   36   65.0   49   93.0
   55.00    4   26   42.0   38   72.0   43   79.0   46   96.0
   61.00    4   14   79.0   41   55.0   48   70.0   49   77.0
   53.00    5    5   69.0    7   39.0   34   85.0   44   44.0   46   35.0
   71.00    6   11   45.0   24    1.0   27   48.0   37   57.0   38   29.0
   49    6.0
   88.00    4   23   30.0   29   26.0   39   57.0   46   86.0
   16.00    1   33    4.0
    4.00    1   14   38.0
   11.00    2    8   99.0   35   74.0
   20.00    5    3   58.0   10   12.0   27   53.0   38   16.0   43   48.0
   69.00   11   22   23.0   24   32.0   25   11.0   26   10.0   28   35.0
   30   98.0   31   59.0   33    2.0   42   63.0   43   46.0
   46   53.0
   39.00    7    3   53.0    4   13.0    9   88.0   12   26.0   14   70.0
   20   59.0   28   60.0
   38.00    7   12   77.0   16   74.0   20   80.0   25   14.0   36   64.0
   40   77.0   41   43.0
   73.00    6   17    6.0   21    4.0   26   29.0   27   81.0   31   37.0
   47   87.0
   92.00    5    7   46.0    9   35.0   10   81.0   37    8.0   49   13.0
   72.00    8    2   16.0    4   37.0   13   30.0   19   38.0   22   55.0
   25   13.0   32    8.0   44   36.0
   34.00    3    6   65.0    8   35.0   13   11.0
   63.00    1    5   34.0
    4.00    6    6   37.0   10   10.0   31   30.0   34   40.0   40   99.0
   46   95.0
   84.00    5    7   33.0   12   19.0   17   24.0   29   79.0   34   16.0
    4.00    9    1   98.0    2   75.0    3   92.0    4   53.0    8   15.0
   29   26.0   32   64.0   37   79.0   40   38.0
   41.00    9    1   10.0    5   33.0    8   91.0    9   56.0   11   52.0
   29   38.0   31   99.0   37   55.0   39   92.0
   29.00    4    8   94.0   13   97.0   37   51.0   43   31.0
   27.00    6    2   54.0   20   15.0   23   96.0   29   38.0   35   48.0
   46   62.0
   18.00    6    4   20.0   11   61.0   15   45.0   20    7.0   34   52.0
   46   89.0
    8.00    3   33   91.0   35   68.0   41   58.0
   60.00    7    2   91.0    4   79.0    7   71.0   18   78.0   19   86.0
   20   38.0   34    9.0
   82.00    8   10   65.0   11   81.0   15   80.0   31   64.0   37   10.0
   38   73.0   39   20.0   49   94.0
   18.00    6   11   70.0   19   85.0   22   56.0   31   23.0   41   85.0
   42   52.0
   93.00    6    6   85.0   24   25.0   31   77.0   33   56.0   36   22.0
   42   46.0
    1.00    5   32   78.0   38    7.0   40   38.0   44   30.0   49   79.0
   92.00    3   22   89.0   37   79.0   38   35.0
   22.00    7    9   40.0   15   65.0   16   25.0   17   90.0   22   62.0
   23    3.0   43   12.0
   24.00    7    4   40.0    7   23.0   27   68.0   32   19.0   42   17.0
   46   56.0   47   78.0
   65.00    5    8   62.0    9   76.0   12   42.0   38   50.0   47    1.0
   30.00    3    5   46.0    9   16.0   20   96.0
   72.00    1   29   69.0
   63.00    4   11   68.0   24   69.0   44   64.0   48   27.0
   44.00    8    4   15.0    5   31.0    7   41.0   32   77.0   33   56.0
   34   70.0   38   46.0   43    6.0
   34.00    5   12   77.0   13   45.0   27   64.0   31   70.0   46   25.0
   68.00    5   19   50.0   31   99.0   37   68.0   39   78.0   44   48.0
   46.00    3    5   33.0   13   90.0   45   50.0
   15.00    5   18   16.0   21   48.0   24   64.0   25   25.0   48   99.0
   58.00    5    8   52.0   17   48.0   19   79.0   20   21.0   45   48.0
   46.00    6   25   71.0   34   52.0   40   72.0   41   13.0   42   66.0
   46   62.0
   59.00    4   11   66.0   15   65.0   22   40.0   33   66.0
   29.00    5    3   80.0    8   82.0   37   39.0   40   46.0   46    2.0
   40.00    5    1   86.0   14   50.0   17   16.0   34   98.0   42   23.0
   82.00    3    9   23.0   26   56.0   31   48.0
   21.00    4    7   70.0   13    8.0   30   16.0   49   34.0
   16.00    2   14   13.0   21   50.0
   38.00    3   13   84.0   23   96.0   47   50.0
   57.00    3   30   96.0   44   22.0   45   98.0
   51.00    3    9   33.0   25   64.0   47   13.0
   27.00    2   11   59.0   13   10.0
   60.00    1   30   70.0
   61.00    9    6   12.0   23   77.0   24   37.0   29   56.0   36   31.0
   40   11.0   41    7.0   45   12.0   46   90.0
   93.00    4   14   28.0   15   26.0   21   64.0   34    7.0
   10.00    3   13   84.0   38   20.0   42   32.0
   45.00    4    1   96.0    5   17.0   17    8.0   18   93.0
   19.00    5    2   16.0   32   25.0   37   43.0   38    2.0   42   67.0
   83.00    4    8   55.0   31   92.0   37   77.0   38   85.0
   35.00    2   13   62.0   32   55.0
   97.00    6    1   43.0    7   34.0    8   47.0   18   81.0   19   42.0
   32   59.0
    3.00    4   22   80.0   25   86.0   27   73.0   28   36.0
   54.00    7    2   78.0    5   83.0    8   81.0   25   48.0   37   40.0
   38   16.0   48   86.0
   83.00    3   13   12.0   23   73.0   28   85.0
   35.00    4   13    9.0   29   56.0   38   64.0   46   36.0
   49.00    2    6   81.0   17   89.0
   65.00    6   18   28.0   19   30.0   20   35.0   33   52.0   46   98.0
   49   57.0
   76.00    3   18   20.0   27   67.0   43   10.0
   51.00    3    2   88.0   40   18.0   48   30.0
   82.00    4   14   56.0   21    8.0   42   87.0   43   54.0
   61.00    2   15   77.0   28   22.0
   58.00    5    1   28.0    3   14.0   20   11.0   27   18.0   47    2.0
    1.00    6    5   90.0    9   15.0   11   22.0   16   74.0   30   44.0
   44   52.0
   28.00    5   16   41.0   23   89.0   27   27.0   35   85.0   44   48.0
    8.00    3    1   49.0    7    9.0   27   25.0
   81.00    4    7   91.0   28   96.0   33   98.0   49   79.0
    1.00    2   30   56.0   34   26.0
   49.00    6   10   62.0   12   31.0   14   73.0   21   40.0   30   89.0
   48   67.0
   19.00    7   19    7.0   24   73.0   31   49.0   41   82.0   45   65.0
   46   76.0   48   13.0
    7.00    8    3   11.0   17   85.0   18   85.0   21   85.0   22   13.0
   27   68.0   44   42.0   45    1.0
   84.00    7    3   11.0    5   25.0    8   98.0   27   65.0   41   37.0
   42   95.0   43   11.0
   26.00    3   24   98.0   27   15.0   42   54.0
   17.00    9    5   19.0   11   28.0   12   70.0   17   93.0   18   73.0
   28   19.0   29   51.0   30   57.0   48   63.0
   43.00    3    4   98.0   47   93.0   49   41.0
   16.00    4   11   47.0   21   58.0   23    3.0   31   36.0
   34.00    6   10   45.0   16   97.0   25   68.0   34   48.0   43   54.0
   50   78.0
    5.00    5    6   19.0   12   75.0   17   15.0   36   42.0   47   81.0
   86.00    1   31   93.0
   59.00    3   21   74.0   28   13.0   46    1.0
   51.00    2    6   35.0   37    6.0
   66.00    4   16   95.0   31   46.0   43   19.0   46   66.0
   45.00    4   24   68.0   30   30.0   36   79.0   39   48.0
   99.00    5   12   34.0   13   79.0   23   99.0   43   23.0   45   57.0
   89.00    8    7   76.0   15   96.0   21   89.0   22    9.0   35   11.0
   38   34.0   46   54.0   49   19.0
   40.00    4    2   19.0   16   10.0   24   17.0   42   83.0
   59.00    6    2   48.0    5    9.0    6   57.0   11   79.0   31   55.0
   44   27.0
   54.00    5    7   11.0   21   55.0   43   71.0   45   49.0   48   83.0
   89.00    6   14   56.0   20   68.0   28   63.0   37   59.0   45   60.0
   46   53.0
   12.00    4   29   42.0   30   18.0   34    6.0   43   63.0
   88.00    4    6    4.0   15   20.0   32   88.0   34   22.0
   13.00    8    3   11.0   14   63.0   15   43.0   17   13.0   34   70.0
   37   16.0   39   86.0   43    7.0
   81.00    4   12   39.0   42   66.0   46   52.0   47   58.0
   51.00    5    2   50.0    3   32.0   16   29.0   19   15.0   45   58.0
   46.00    4    8   48.0   10   42.0   17   97.0   49    3.0
    8.00    5    1   56.0   15   60.0   23   98.0   40   23.0   49   83.0
   98.00    5   11    7.0   13    4.0   15   17.0   22   96.0   32   49.0
   80.00    3   15   40.0   36   91.0   46   74.0
   97.00    3   15   20.0   40   40.0   45    5.0
   87.00    4    3   82.0    7   13.0    9   96.0   40    2.0
   47.00    4   11   86.0   13   38.0   33   26.0   46   94.0
   69.00    2   15   91.0   48   60.0
   26.00    3    2   71.0   35   27.0   37   33.0
   40.00    2   24   37.0   43   58.0
   25.00    6    8   79.0   16   96.0   18   61.0   22   35.0   25   62.0
   47   38.0
   73.00    2   15   26.0   36   54.0
   98.00    3    2   54.0   31   96.0   48   67.0
   47.00    5    6   55.0    7   30.0   19    2.0   28   67.0   33    9.0
   12.00    7    5   86.0    8   82.0   17    8.0   29   50.0   34   32.0
   37   26.0   44   46.0
   57.00    1   20    7.0
   75.00    3   14    3.0   16   63.0   43   20.0
   39.00    6    1   49.0   13   14.0   14   87.0   30   74.0   32   24.0
   44   66.0
   70.00    4   35   92.0   36   81.0   38   18.0   48   65.0
    3.00    7    7   67.0   17   52.0   32   49.0   34   94.0   36   25.0
   45   41.0   46   73.0
   70.00    4   13   80.0   33   29.0   43   65.0   48   20.0
   37.00   10    1   83.0    8   66.0   12   86.0   18   39.0   19    3.0
   21   16.0   22   26.0   24   27.0   26   58.0   48   85.0
   86.00    2   38   96.0   41   58.0
    9.00    7    4   61.0   15   20.0   20   82.0   22   46.0   24   57.0
   29   50.0   36   96.0
   83.00    3    1   21.0    6    3.0    8   87.0
   10.00    4   10   62.0   17   27.0   30   58.0   39   77.0
   54.00    6    5   28.0   12   97.0   16   66.0   30   35.0   38   53.0
   40   51.0
   40.00    6    6    8.0   10   20.0   11   85.0   28   18.0   34   67.0
   35   10.0
   26.00    6   10   32.0   16   13.0   20   11.0   34   56.0   40   70.0
   49    5.0
   31.00    3   20   18.0   24    8.0   27   46.0
   26.00    6    5   54.0    9   61.0   25   74.0   29   14.0   35    7.0
   49   36.0
   19.00    5   13    5.0   20   16.0   25   63.0   26   58.0   32    8.0
   43.00    4   26   85.0   33   76.0   39   72.0   42   84.0
   71.00    6    4    3.0    8   32.0   12   27.0   25   28.0   42   64.0
   46    5.0
   27.00    6    9   89.0   34   91.0   42    2.0   43   37.0   45   36.0
   47   41.0
   78.00    3   35   82.0   39   50.0   41   15.0
   66.00    2   20   17.0   36   78.0
   23.00    3   17   39.0   32   26.0   35    6.0
   81.00    7    5   68.0   15   21.0   17   65.0   25   62.0   42   93.0
   43    1.0   48   77.0
   78.00    3   14   80.0   21   70.0   49   94.0
   20.00    6   12   33.0   13   60.0   19   99.0   36   72.0   40   67.0
   47   23.0
   72.00    4   15   56.0   24   48.0   33   48.0   36   93.0
   82.00    4    3    9.0   16    7.0   37   22.0   40   36.0
   39.00    3    1    4.0    2   15.0   37   79.0
   90.00    6    6   60.0   14   82.0   30   91.0   37   78.0   42    3.0
   49   60.0
   70.00    3   28   87.0   36   27.0   44   72.0
   51.00    3   11    3.0   36   49.0   46   45.0
   61.00    3    5   49.0    7   48.0   41   37.0
   11.00    4   16   56.0   27    7.0   45   70.0   48   43.0
   61.00    4   11    3.0   27   93.0   45   48.0   49   86.0
   18.00    3    1   92.0    8   14.0   15   96.0
   71.00    3   19    4.0   46   92.0   49    7.0
   67.00    4    7    2.0   29   79.0   34   63.0   36   33.0
   18.00    6   12   44.0   23   33.0   25   82.0   26    5.0   30   10.0
   44   91.0
   86.00    6   13   88.0   14   38.0   18   77.0   30   40.0   34   51.0
   35   61.0
   66.00    9    1   35.0   10   87.0   16   87.0   17   47.0   19    4.0
   20   88.0   21   50.0   25   27.0   36   48.0
    1.00    3   23   78.0   31   75.0   43   51.0
    3.00    7    3   71.0    6   26.0   19   41.0   26   86.0   28   39.0
   30   13.0   46   88.0
   91.00    4   18   84.0   22   76.0   46   16.0   48    8.0
   32.00    7   10   45.0   11   93.0   26   53.0   27   53.0   31   69.0
   39   46.0   46   28.0
   43.00    9    5   15.0    7   33.0   15   25.0   16   14.0   23   85.0
   34   96.0   38    6.0   39   60.0   41   72.0
   72.00    3   38   24.0   42   38.0   44   14.0
   55.00    8    1   59.0    9   32.0   20   76.0   30   32.0   34   63.0
   35   75.0   42   63.0   46   40.0
    8.00    4    5   20.0    6   74.0   13   62.0   48   86.0
   72.00    4   19   56.0   26   47.0   34   86.0   47   85.0
   82.00    4    6   82.0   17   54.0   29   69.0   40   22.0
   29.00    5   35   87.0   42   81.0   44   32.0   47   48.0   49   58.0
    1.00    5    5   36.0   10   85.0   18   44.0   44   50.0   48   71.0
   19.00    2   10   17.0   47   58.0
   15.00    4    6   18.0    9   67.0   29   78.0   30   68.0
   34.00    4    6   94.0   25   67.0   27    3.0   42   88.0
   73.00    6    4    2.0    5   35.0   10   32.0   19   11.0   22   80.0
   27   32.0
   98.00    4    7   86.0   14   66.0   24   95.0   47   97.0
   62.00    6    5   51.0   16   66.0   21   19.0   22   71.0   29   51.0
   46   65.0
    6.00    3   14    5.0   45   65.0   47   26.0
   92.00    3    6   79.0   34   63.0   38   22.0
   51.00    6    9   87.0   15   32.0   21   57.0   22   21.0   30   67.0
   35   76.0
   11.00    3   25   25.0   26   96.0   47   92.0
   69.00    3   14   19.0   28   97.0   40    6.0
   72.00    5   16   15.0   23   97.0   25   77.0   31    9.0   46    5.0
    7.00    8    4   79.0   12   42.0   14   12.0   23   34.0   26   76.0
   29   89.0   33   61.0   39   89.0
   77.00    5    4   80.0   20   68.0   22   55.0   31   89.0   46   22.0
   22.00    6   11    8.0   23   48.0   24    1.0   42   20.0   46   14.0
   48   36.0
   45.00    4    2   14.0    8   69.0   35   45.0   43   34.0
   92.00    6   16   58.0   21   54.0   27   57.0   45   61.0   47   47.0
   49   63.0
   99.00    5   12   98.0   20   99.0   21   22.0   28   85.0   35   23.0
   50.00    1   15   27.0
   97.00    2   11   76.0   47   70.0
   74.00    4    8   69.0   25   84.0   39   76.0   43   96.0
   64.00    6    6   13.0    7   76.0   17   16.0   25   56.0   36   51.0
   37   57.0
   98.00    3    6    8.0   21   36.0   35   51.0
   57.00    3   17   53.0   31   81.0   39   73.0
   57.00    2   42   55.0   45   71.0
   51.00    5   11   45.0   26   42.0   31   68.0   36   51.0   43   33.0
   57.00    4    1   37.0   16   95.0   32   32.0   38   76.0
   17.00    4   18   24.0   23   62.0   32   57.0   36   57.0
   56.00    4    1    1.0   24   69.0   27   14.0   49    1.0
   21.00    3    5   91.0   18    7.0   46   92.0
   91.00    5   15   78.0   17   83.0   19   64.0   23   21.0   34   28.0
   87.00    3    3   72.0   35   66.0   39   65.0
   39.00    4    5   31.0   28   45.0   31   93.0   40   20.0
   29.00    4   14   52.0   26   61.0   43   73.0   47   43.0
   83.00    6   10   25.0   11   57.0   39   79.0   41   43.0   44   89.0
   47   31.0
   42.00    8   15   77.0   18   35.0   19   95.0   25   16.0   28   17.0
   38   48.0   42   46.0   49   11.0
   89.00    6   26   36.0   31   61.0   32   60.0   40   74.0   41   55.0
   42   94.0
   26.00    3    8   22.0   20   81.0   49    6.0
   87.00    5    1   48.0   11   39.0   33   65.0   39   23.0   43   81.0
   19.00    1   41   19.0
   19.00    5    5   51.0   25   28.0   26    7.0   28   98.0   47   51.0
   85.00    3   10   92.0   28   29.0   43   36.0
   83.00    6    6   86.0   17   25.0   18   18.0   23   49.0   27   66.0
   30   55.0
   78.00    2   32   68.0   40   15.0
   89.00    2   31   93.0   49   91.0
   43.00    4   16   59.0   23   95.0   28   97.0   43   93.0
   38.00    5    1   63.0   19   29.0   38    2.0   45   23.0   47   70.0
   24.00    6    1   51.0    4   98.0   11   92.0   22   96.0   24   82.0
   43   84.0
   95.00    6    4   15.0    6   74.0   15   75.0   16    8.0   39   94.0
   47   29.0
   53.00    4    8   55.0   12   48.0   16   33.0   35   68.0
    2.00    6   10   29.0   24   70.0   26   71.0   35   78.0   37   52.0
   45   15.0
   81.00    7   17   38.0   29   18.0   31   72.0   33   39.0   36   16.0
   45   96.0   47   27.0
   50.00    4    4   59.0   34   62.0   38   89.0   42    9.0
   37.00    3   17   64.0   27   31.0   43   26.0
    8.00    6   10   25.0   18   25.0   32   58.0   35   66.0   41   74.0
   47    3.0
   43.00    3   14   70.0   20   73.0   23   20.0
   26.00    3   32   11.0   33   50.0   43   49.0
   70.00    8    2   59.0    9   71.0   10   43.0   23   98.0   32   44.0
   33   34.0   37   67.0   41   57.0
   80.00    3    4   48.0   30   94.0   35   77.0
   16.00    9    5   68.0    6   37.0    9    9.0   15   11.0   16   33.0
   19    5.0   23   97.0   33   41.0   34   93.0
    4.00    4    7   76.0   22   62.0   29    4.0   40   18.0
   60.00    6    5   15.0    7   73.0   22   62.0   28   44.0   31    8.0
   33   61.0
   63.00    5   16    6.0   34    5.0   35   36.0   36   99.0   42   10.0
   14.00    4    6   47.0   24    3.0   25   18.0   44   67.0
   99.00    2    6   44.0   41   19.0
    6.00    1   11   87.0
   71.00    4    8   40.0   11   66.0   22   82.0   27   68.0
   75.00    7    1   58.0    6   91.0   11   20.0   26   33.0   32    3.0
   43   67.0   48   38.0
   53.00    3   11   84.0   26   36.0   38    4.0
   43.00    4   16   49.0   44   20.0   45   81.0   48   21.0
   87.00    6    2   70.0   10   93.0   13   34.0   36   97.0   38   49.0
   45   74.0
   29.00    3    7   50.0   45   78.0   47   97.0
   75.00    4   18   54.0   27   27.0   30   72.0   43   46.0
   83.00    3   22   69.0   37   32.0   48   66.0
   14.00    6    2   65.0    7   66.0   13   42.0   27   23.0   46   23.0
   49   85.0
   18.00    7   18   34.0   19    6.0   21   21.0   24   51.0   43   31.0
   44   46.0   47   20.0
   90.00    4    7   14.0   12   16.0   15   44.0   26   49.0
   75.00    4   11   29.0   16   59.0   21   47.0   46   20.0
   39.00    5    3   79.0    7   90.0   35   68.0   45   73.0   49   18.0
   21.00    2    2   96.0   46   55.0
   54.00    3    3   16.0   15   99.0   46    1.0
   67.00    4    1   71.0   37   89.0   38   44.0   46   96.0
   29.00    3   19   62.0   27   61.0   38   69.0
   16.00    4   22   54.0   31   63.0   39    7.0   41   64.0
   18.00    8    5   41.0    9    7.0   17   89.0   20   50.0   26   71.0
   37   56.0   40   85.0   47   55.0
   33.00    3    4   83.0   12   88.0   48   81.0
   98.00    3   20   68.0   36   48.0   37   62.0
    9.00    7    5   30.0   18   62.0   19   31.0   27   51.0   32   39.0
   36   52.0   38   72.0
   59.00    7    4   14.0   13   45.0   18   92.0   24   10.0   27   28.0
   41   81.0   49   40.0
   52.00    8    1   31.0    3    9.0    6    8.0   15   91.0   21   80.0
   27   62.0   31   17.0   45   36.0
   58.00    2   21   51.0   27   10.0
   75.00    4    3   20.0   17   38.0   43   71.0   45   36.0
   55.00    5    4   13.0   20   47.0   26   33.0   30   12.0   49   50.0
   85.00    6    2   22.0    9   73.0   18   49.0   39   52.0   43   45.0
   49   48.0
   43.00    3   12   74.0   26   52.0   48   26.0
   79.00    1   10   91.0
   64.00    6    5   20.0    8   32.0   11   13.0   14   41.0   30   95.0
   46   25.0
   64.00    3    4   45.0    7    3.0   36   55.0
   84.00    4    5   93.0   15   89.0   40    6.0   48   18.0
   86.00    8    8   49.0   10   81.0   13   65.0   14   51.0   28   48.0
   39   94.0   46   68.0   48   93.0
   11.00    8    4   57.0    5   65.0   13   62.0   17   43.0   18   77.0
   24   74.0   43   19.0   44   75.0
   35.00    7   10   79.0   18   40.0   19    9.0   24   72.0   27   46.0
   36   61.0   45   73.0
   10.00    6    1   60.0   14   46.0   20   85.0   29   78.0   32    4.0
   38    1.0
    5.00    4    1   71.0    2   59.0   23   85.0   47   69.0
    6.00    4    2   85.0   19   88.0   20   43.0   25   69.0
   93.00    5    1   87.0   16   45.0   23   64.0   33   72.0   41   49.0
   98.00    1   21    8.0
